test,control 
76,95
75,99
80,87
77,81
82,96
79,82
76,82
82,100
80,86
84,98
83,99
83,98
87,86
85,90
80,90
72,99
84,91
79,89
82,87
73,84
82,80
82,93
82,83
74,92
90,86
90,95
70,99
84,94
79,83
82,93
72,88
88,98
84,100
84,100
85,80
86,92
82,99
76,82
86,80
77,99
87,85
74,89
89,95
88,96
84,87
80,97
80,95
86,82
74,80
84,90
73,82
87,85
70,88
73,96
90,100
85,87
74,86
85,82
73,99
83,88
73,85
73,83
74,100
80,81
87,94
79,82
70,84
83,92
83,90
78,85
74,86
88,87
79,83
76,85
76,80
76,82
78,86
78,95
77,85
84,88
73,99
86,97
85,92
86,95
79,92
89,99
72,92
88,96
77,98
75,96
72,89
80,100
88,100
73,96
73,90
87,83
86,89
88,86
88,95
88,99
90,80
71,80
75,89
83,88
71,92
73,93
79,92
80,99
86,85
76,94
70,91
88,100
78,88
82,95
85,98
81,95
88,90
79,99
84,86
85,81
82,98
78,81
70,97
72,96
78,83
84,93
81,96
80,94
75,89
81,89
82,85
76,84
89,85
81,80
88,93
77,93
89,90
89,90
75,96
84,100
79,93
75,90
84,92
78,96
88,98
73,96
75,89
90,84
76,97
90,81
81,85
75,95
83,100
72,91
72,98
89,93
79,88
73,82
75,87
79,84
72,100
87,98
86,84
75,89
76,96
89,98
78,93
72,92
79,97
87,99
72,96
76,85
88,91
